% MyRecord 1x37 cell array
%     {'2 fps'}    {'5 fps'}    {'10 fps'}    {'30 fps'}    {'50 fps'}    {'60 fps'}    {'125 fps'}    {'250 fps'}    {'500 fps'}    {'750 fps'}    {'800 fps'}    {'1000 fps'}    {'1250 fps'}    {'1440 fps'}    {'1650 fps'}    {'2000 fps'}
%     {'2500 fps'}    {'3000 fps'}    {'4000 fps'}    {'5000 fps'}    {'5500 fps'}    {'6000 fps'}    {'8000 fps'}    {'10000 fps'}    {'12000 fps'}    {'15000 fps'}    {'20000 fps'}    {'25000 fps'}    {'33000 fps'}    {'40000 fps'}
%     {'50000 fps'}    {'68750 fps'}    {'72000 fps'}    {'100000 fps'}    {'112500 fps'}    {'120000 fps'}    {'150000 fps'}
%index = 11
camera.RecordingSpeed = 800;  

%MyResoultuion 1x45 cell array
%     {'4096 x 2304'}    {'3840 x 2160'}    {'1920 x 1080'}    {'1280 x 720'}    {'640 x 480'}    {'4096 x 1504'}    {'4096 x 1024'}    {'4096 x 512'}    {'4096 x 256'}    {'4096 x 128'}    {'4096 x 64'}    {'4096 x 32'}    {'4096 x 16'}
%     {'4096 x 8'}    {'3072 x 2304'}    {'3072 x 1600'}    {'3072 x 1024'}    {'3072 x 512'}    {'3072 x 256'}    {'3072 x 8'}    {'2432 x 2304'}    {'2048 x 2048'}    {'2048 x 1472'}    {'2048 x 1024'}    {'2048 x 576'}    {'2048 x 512'}
%     {'2048 x 256'}    {'2048 x 192'}    {'2048 x 128'}    {'2048 x 96'}    {'2048 x 64'}    {'2048 x 32'}    {'2048 x 16'}    {'2048 x 8'}    {'1024 x 1024'}    {'1024 x 512'}    {'1024 x 256'}    {'1024 x 8'}    {'512 x 512'}
%     {'512 x 256'}    {'256 x 256'}    {'128 x 128'}    {'128 x 32'}    {'128 x 16'}    {'128 x 8'}
%index = 39
camera.nWidth = 512;    
camera.nHeight = 512;

%MyShutter 1x35
%     {'1/750 sec'}    {'1/800 sec'}    {'1/900 sec'}    {'1/1000 sec'}    {'1/2000 sec'}    {'1/3000 sec'}    {'1/4000 sec'}    {'1/5000 sec'}    {'1/6000 sec'}    {'1/7000 sec'}    {'1/8000 sec'}    {'1/9000 sec'}    {'1/10000 sec'}
%     {'1/12000 sec'}    {'1/15000 sec'}    {'1/17000 sec'}    {'1/20000 sec'}    {'1/25000 sec'}    {'1/30000 sec'}    {'1/35000 sec'}    {'1/40000 sec'}    {'1/50000 sec'}    {'1/60000 sec'}    {'1/70000 sec'}    {'1/80000 sec'}
%     {'1/90000 sec'}    {'1/100000 sec'}    {'1/124000 sec'}    {'1/200000 sec'}    {'1/250000 sec'}    {'1/280000 sec'}    {'1/300000 sec'}    {'1/360000 sec'}    {'1/400000 sec'}    {'1/500000 sec'}
camera.nFps = 800;

% MyTriggers x13 cell array
%     {'START'}    {'END'}    {'CENTER'}
camera.nTrgMode = PDC_TRIGGER_START;

camera.recordTime = 217;